# Created by Octave 4.0.0, Wed Mar 08 19:11:42 2017 IST <meet@meet-Inspiron-3421>
# name: o
# type: matrix
# rows: 1000
# columns: 1
 1
 1
 1
 1
 1
 -1
 -1
 1
 -1
 1
 -1
 1
 1
 -1
 -1
 1
 -1
 1
 -1
 1
 1
 -1
 -1
 1
 -1
 1
 1
 -1
 1
 -1
 -1
 1
 -1
 -1
 1
 -1
 -1
 1
 -1
 1
 -1
 -1
 -1
 -1
 1
 -1
 -1
 -1
 1
 1
 1
 -1
 1
 1
 -1
 1
 -1
 1
 1
 1
 1
 1
 -1
 -1
 -1
 -1
 -1
 1
 1
 -1
 1
 -1
 -1
 1
 1
 1
 1
 -1
 -1
 1
 -1
 -1
 1
 -1
 -1
 -1
 1
 -1
 -1
 -1
 1
 1
 1
 1
 -1
 1
 -1
 -1
 -1
 1
 -1
 -1
 1
 -1
 1
 1
 1
 1
 1
 -1
 1
 1
 1
 1
 -1
 -1
 -1
 1
 1
 1
 -1
 1
 1
 -1
 1
 -1
 1
 1
 -1
 1
 -1
 1
 1
 1
 1
 1
 -1
 -1
 1
 1
 1
 -1
 1
 1
 1
 1
 1
 -1
 -1
 -1
 -1
 -1
 -1
 1
 -1
 1
 -1
 -1
 -1
 -1
 -1
 1
 1
 -1
 -1
 1
 1
 -1
 -1
 1
 -1
 1
 -1
 1
 -1
 -1
 -1
 -1
 -1
 1
 1
 1
 1
 1
 -1
 1
 1
 1
 -1
 1
 -1
 -1
 -1
 1
 -1
 1
 1
 1
 -1
 -1
 -1
 1
 1
 -1
 1
 1
 1
 -1
 -1
 -1
 -1
 -1
 1
 -1
 -1
 1
 1
 -1
 1
 1
 1
 1
 -1
 -1
 -1
 -1
 -1
 1
 1
 1
 -1
 1
 -1
 -1
 -1
 1
 1
 -1
 -1
 1
 1
 1
 -1
 -1
 1
 1
 -1
 1
 1
 -1
 1
 1
 1
 1
 1
 -1
 -1
 -1
 -1
 -1
 -1
 -1
 1
 -1
 -1
 1
 1
 1
 1
 -1
 -1
 -1
 -1
 1
 -1
 -1
 -1
 1
 1
 1
 1
 -1
 1
 1
 1
 1
 -1
 -1
 1
 1
 1
 -1
 -1
 1
 -1
 1
 1
 1
 -1
 1
 1
 1
 -1
 1
 1
 -1
 1
 1
 -1
 -1
 -1
 1
 1
 1
 1
 -1
 1
 -1
 -1
 1
 1
 -1
 1
 1
 -1
 -1
 1
 1
 -1
 1
 -1
 1
 -1
 1
 -1
 -1
 -1
 -1
 1
 -1
 1
 -1
 1
 1
 1
 1
 1
 -1
 1
 1
 -1
 1
 1
 -1
 1
 1
 -1
 -1
 1
 1
 1
 -1
 -1
 -1
 1
 -1
 1
 -1
 -1
 1
 -1
 1
 1
 1
 1
 -1
 1
 1
 1
 1
 -1
 1
 -1
 -1
 -1
 -1
 -1
 1
 -1
 -1
 1
 -1
 -1
 -1
 -1
 1
 -1
 1
 1
 1
 1
 1
 -1
 1
 -1
 1
 1
 -1
 1
 1
 1
 1
 1
 -1
 -1
 1
 -1
 -1
 1
 1
 1
 -1
 -1
 1
 -1
 1
 1
 -1
 -1
 1
 -1
 -1
 1
 -1
 1
 -1
 1
 -1
 1
 1
 -1
 -1
 1
 -1
 -1
 1
 1
 1
 -1
 -1
 1
 -1
 1
 1
 -1
 1
 1
 1
 1
 1
 -1
 1
 -1
 1
 -1
 1
 1
 1
 -1
 -1
 -1
 1
 1
 1
 1
 1
 1
 -1
 -1
 -1
 1
 1
 1
 -1
 1
 1
 1
 -1
 1
 1
 -1
 1
 -1
 -1
 -1
 1
 1
 -1
 1
 -1
 1
 -1
 1
 -1
 1
 -1
 1
 1
 -1
 1
 1
 1
 -1
 -1
 -1
 1
 1
 1
 1
 1
 -1
 1
 1
 1
 1
 1
 -1
 -1
 1
 1
 1
 1
 -1
 1
 -1
 1
 1
 -1
 -1
 1
 -1
 -1
 1
 1
 1
 -1
 -1
 -1
 -1
 -1
 1
 -1
 1
 -1
 -1
 -1
 1
 -1
 -1
 1
 -1
 -1
 1
 -1
 -1
 -1
 -1
 1
 -1
 1
 -1
 1
 -1
 -1
 1
 -1
 -1
 -1
 1
 1
 1
 -1
 1
 1
 -1
 1
 1
 1
 1
 -1
 -1
 -1
 -1
 1
 -1
 -1
 -1
 1
 1
 -1
 1
 -1
 -1
 -1
 1
 -1
 -1
 1
 -1
 -1
 1
 1
 -1
 1
 -1
 1
 1
 -1
 -1
 1
 1
 1
 -1
 1
 1
 -1
 1
 1
 -1
 -1
 1
 1
 -1
 -1
 -1
 1
 -1
 -1
 -1
 1
 -1
 -1
 -1
 -1
 -1
 1
 -1
 -1
 -1
 1
 1
 1
 -1
 1
 1
 -1
 1
 1
 1
 1
 -1
 1
 -1
 -1
 -1
 -1
 1
 -1
 -1
 1
 -1
 1
 1
 -1
 -1
 -1
 1
 -1
 1
 -1
 -1
 1
 1
 1
 -1
 1
 1
 1
 -1
 1
 -1
 1
 1
 -1
 1
 -1
 1
 -1
 1
 -1
 1
 1
 1
 -1
 1
 1
 -1
 1
 1
 1
 1
 -1
 -1
 -1
 -1
 1
 1
 1
 -1
 -1
 1
 1
 1
 1
 -1
 1
 1
 1
 -1
 -1
 1
 1
 1
 -1
 1
 -1
 1
 1
 -1
 1
 1
 -1
 1
 1
 1
 1
 -1
 -1
 -1
 -1
 1
 -1
 -1
 1
 1
 1
 1
 1
 1
 1
 -1
 -1
 1
 -1
 -1
 -1
 -1
 -1
 -1
 -1
 -1
 -1
 -1
 1
 -1
 -1
 -1
 1
 1
 1
 1
 -1
 1
 1
 1
 1
 -1
 -1
 -1
 1
 -1
 -1
 1
 1
 1
 -1
 -1
 1
 1
 1
 1
 1
 -1
 1
 1
 -1
 1
 -1
 1
 -1
 1
 -1
 -1
 1
 1
 -1
 1
 -1
 -1
 1
 1
 -1
 -1
 1
 1
 -1
 1
 -1
 -1
 1
 1
 1
 1
 1
 1
 -1
 1
 1
 1
 -1
 1
 -1
 1
 -1
 -1
 1
 1
 1
 1
 1
 -1
 1
 -1
 1
 -1
 -1
 -1
 -1
 -1
 1
 1
 -1
 1
 1
 1
 1
 -1
 1
 1
 1
 -1
 -1
 1
 -1
 1
 -1
 1
 1
 -1
 1
 1
 -1
 -1
 -1
 -1
 -1
 1
 -1
 -1
 1
 -1
 -1
 -1
 -1
 1
 1
 1
 1
 -1
 -1
 -1
 -1
 1
 -1
 1
 -1
 1
 1
 -1
 1
 -1
 1
 -1
 1
 -1
 -1
 -1
 1
 1
 1
 1
 1
 -1
 1
 1
 1
 1
 -1
 1
 -1
 -1
 -1
 1
 1
 1
 -1
 1
 1
 1
 1
 1
 1
 -1
 -1
 -1
 -1
 1
 -1
 1
 1
 -1
 1
 1
 -1
 -1
 -1
 -1
 1
 1
 -1
 -1
 -1
 -1
 1
 -1
 -1
 -1
 1
 1
 1
 1
 -1
 1
 1
 1
 -1
 1
 -1
 -1
 -1
 1
 -1
 1
 1
 1
 -1
 -1
 -1
 -1
 -1
 1
 -1
 1
 -1
 1
 1
 1
 1
 1
 -1


